	Condition  waxester triacylglycerol fattyacid    sterol phospholipid     lipid  protein respiration pop treatment
G1L2        GL 0.1613743       0.0000000 0.0000000 0.2602082    0.5253967 0.6081050 1.045825 -0.46868676   1         1
G2L2        GL 0.2324953       0.1898316 0.3422238 0.2324953    0.3796632 0.6367145 1.840486  0.06310409   1         1
G3L2        GL 0.4212118       0.4399413 0.7725116 0.5679618    0.9332565 1.4701328 2.188681 -0.26546750   1         1
P1L2        PL 0.8000000       0.5656854 0.6928203 0.2828427    2.0591260 2.4000000 2.366432 -0.03895545   0         1
P2L2        PL 0.7640574       0.6151247 0.7780780 0.4287001    1.3254270 1.8729944 2.280351 -0.39937760   0         1
P3L2        PL 0.3922323       0.3832142 0.6030227 0.2365250    0.8650155 1.2118298 1.128152 -0.32341472   0         1
G1H2        GH 0.2911113       0.2254938 0.4251952 0.2376913    1.4805710 1.6015529 0.8956896  -0.8940381   1         0
G2H2        GH 0.2526456       0.1684304 0.3151044 0.2917300    0.8505317 1.0000000 1.1172408  -0.2528959   1         0
G3H2        GH 0.0000000       0.0000000 0.6915641 0.4423259    1.5603790 1.7631494 0.7661309   0.1274302   1         0
P1H2        PH 0.1711394       0.6996712 0.4840554 0.3298282    0.7431697 1.1892123 1.3614538  -0.5229057   0         0
P2H2        PH 1.2152872       0.9961464 0.5883484 0.3162278    1.1024448 2.0324294 1.4754400  -0.5954366   0         0
P3H2        PH 0.2540003       0.1391217 0.1796053 0.2409658    0.5388159 0.6815542 0.5847525  -0.3918489   0         0